-391 619 -387 662 -382 668 -406 570 -381 570 0.75 -396 671
-391 619 -387 662 -382 668 -406 570 -381 570 1.5 -396 671
-391 619 -387 662 -382 668 -406 570 -381 570 2.25 -396 671
-391 619 -387 662 -382 668 -406 570 -381 570 3.0 -396 671
-391 619 -387 662 -382 668 -406 570 -381 570 3.75 -396 671
-391 619 -387 662 -382 668 -406 570 -381 570 4.5 -396 671
-391 619 -387 662 -382 668 -406 570 -381 570 5.25 -397 671
-391 619 -387 662 -382 668 -406 570 -381 570 6.0 -397 671
-391 619 -387 662 -382 668 -406 570 -381 570 6.75 -397 671
-391 619 -387 662 -382 668 -406 570 -381 570 7.5 -397 671
-391 619 -387 662 -382 668 -406 570 -381 570 8.25 -396 671
-391 619 -387 662 -382 668 -406 570 -381 570 9.0 -397 671
