-582 905 -603 973 -574 989 -603 818 -573 836 0 -509 912
-582 905 -603 973 -574 989 -603 818 -573 836 1 -493 902
-582 905 -603 973 -574 989 -603 818 -573 836 2 -463 886
-582 905 -603 973 -574 989 -603 818 -573 836 3 -449 880
-582 905 -603 973 -574 989 -603 818 -573 836 4 -439 876
-582 905 -603 973 -574 989 -603 818 -573 836 5 -425 872
-582 905 -603 973 -574 989 -603 818 -573 836 6 -418 871
-582 905 -603 973 -574 989 -603 818 -573 836 7 -412 871
-582 905 -603 973 -574 989 -603 818 -573 836 8 -409 872
-582 905 -603 973 -574 989 -603 818 -573 836 9 -406 876
