-416 758 -425 802 -409 813 -426 694 -409 709 0.75 -313 680
-416 758 -425 802 -409 813 -426 694 -409 709 1.5 -314 682
-416 758 -425 802 -409 813 -426 694 -409 709 2.25 -315 685
-416 758 -425 802 -409 813 -426 694 -409 709 3.0 -315 688
-416 758 -425 802 -409 813 -426 694 -409 709 3.75 -316 692
-416 758 -425 802 -409 813 -426 694 -409 709 4.5 -318 697
-416 758 -425 802 -409 813 -426 694 -409 709 5.25 -319 702
-416 758 -425 802 -409 813 -426 694 -409 709 6.0 -321 708
-416 758 -425 802 -409 813 -426 694 -409 709 6.75 -324 713
-416 758 -425 802 -409 813 -426 694 -409 709 7.5 -326 720
-416 758 -425 802 -409 813 -426 694 -409 709 8.25 -330 727
-416 758 -425 802 -409 813 -426 694 -409 709 9.0 -333 735
