-791 547 -817 671 -767 712 -822 380 -774 428 0.6428571428571428 -456 500
-791 547 -817 671 -767 712 -822 380 -774 428 1.2857142857142856 -451 501
-791 547 -817 671 -767 712 -822 380 -774 428 1.9285714285714284 -451 500
-791 547 -817 671 -767 712 -822 380 -774 428 2.571428571428571 -461 491
-791 547 -817 671 -767 712 -822 380 -774 428 3.2142857142857144 -474 485
-791 547 -817 671 -767 712 -822 380 -774 428 3.8571428571428568 -483 479
-791 547 -817 671 -767 712 -822 380 -774 428 4.5 -492 474
-791 547 -817 671 -767 712 -822 380 -774 428 5.142857142857142 -526 457
-791 547 -817 671 -767 712 -822 380 -774 428 5.7857142857142865 -551 442
-791 547 -817 671 -767 712 -822 380 -774 428 6.428571428571429 -580 426
-791 547 -817 671 -767 712 -822 380 -774 428 7.071428571428571 -599 416
-791 547 -817 671 -767 712 -822 380 -774 428 7.7142857142857135 -601 407
-791 547 -817 671 -767 712 -822 380 -774 428 8.357142857142858 -590 399
-791 547 -817 671 -767 712 -822 380 -774 428 9.0 -613 421
