-446 493 0.0 0.0 0.0 0.0 0.0 0.0 0.0 0.0 0.6428571428571428 0.0 0.0
-446 493 0.0 0.0 0.0 0.0 0.0 0.0 0.0 0.0 1.2857142857142856 0.0 0.0
-446 493 0.0 0.0 0.0 0.0 0.0 0.0 0.0 0.0 1.9285714285714284 0.0 0.0
-446 493 0.0 0.0 0.0 0.0 0.0 0.0 0.0 0.0 2.571428571428571 0.0 0.0
-446 493 0.0 0.0 0.0 0.0 0.0 0.0 0.0 0.0 3.2142857142857144 0.0 0.0
-446 493 0.0 0.0 0.0 0.0 0.0 0.0 0.0 0.0 3.8571428571428568 0.0 0.0
-446 493 0.0 0.0 0.0 0.0 0.0 0.0 0.0 0.0 4.5 0.0 0.0
-446 493 0.0 0.0 0.0 0.0 0.0 0.0 0.0 0.0 5.142857142857142 0.0 0.0
-446 493 0.0 0.0 0.0 0.0 0.0 0.0 0.0 0.0 5.7857142857142865 0.0 0.0
-446 493 0.0 0.0 0.0 0.0 0.0 0.0 0.0 0.0 6.428571428571429 0.0 0.0
-446 493 0.0 0.0 0.0 0.0 0.0 0.0 0.0 0.0 7.071428571428571 0.0 0.0
-446 493 0.0 0.0 0.0 0.0 0.0 0.0 0.0 0.0 7.7142857142857135 0.0 0.0
-446 493 0.0 0.0 0.0 0.0 0.0 0.0 0.0 0.0 8.357142857142858 0.0 0.0
-446 493 0.0 0.0 0.0 0.0 0.0 0.0 0.0 0.0 9.0 0.0 0.0
