-790 544 -813 670 -754 710 -813 383 -761 429 0.6428571428571428 -447 493
-790 544 -813 670 -754 710 -813 383 -761 429 1.2857142857142856 -443 495
-790 544 -813 670 -754 710 -813 383 -761 429 1.9285714285714284 -443 494
-790 544 -813 670 -754 710 -813 383 -761 429 2.571428571428571 -453 485
-790 544 -813 670 -754 710 -813 383 -761 429 3.2142857142857144 -465 478
-790 544 -813 670 -754 710 -813 383 -761 429 3.8571428571428568 -474 474
-790 544 -813 670 -754 710 -813 383 -761 429 4.5 -484 468
-790 544 -813 670 -754 710 -813 383 -761 429 5.142857142857142 -516 450
-790 544 -813 670 -754 710 -813 383 -761 429 5.7857142857142865 -543 437
-790 544 -813 670 -754 710 -813 383 -761 429 6.428571428571429 -571 421
-790 544 -813 670 -754 710 -813 383 -761 429 7.071428571428571 -589 413
-790 544 -813 670 -754 710 -813 383 -761 429 7.7142857142857135 -590 401
-790 544 -813 670 -754 710 -813 383 -761 429 8.357142857142858 -583 394
-790 544 -813 670 -754 710 -813 383 -761 429 9.0 -580 391
