-792 547 -820 671 -767 712 -821 382 -777 424 0.6428571428571428 -453 499
-792 547 -820 671 -767 712 -821 382 -777 424 1.2857142857142856 -447 499
-792 547 -820 671 -767 712 -821 382 -777 424 1.9285714285714284 -446 498
-792 547 -820 671 -767 712 -821 382 -777 424 2.571428571428571 -458 490
-792 547 -820 671 -767 712 -821 382 -777 424 3.2142857142857144 -470 482
-792 547 -820 671 -767 712 -821 382 -777 424 3.8571428571428568 -476 475
-792 547 -820 671 -767 712 -821 382 -777 424 4.5 -486 472
-792 547 -820 671 -767 712 -821 382 -777 424 5.142857142857142 -473 459
-792 547 -820 671 -767 712 -821 382 -777 424 5.7857142857142865 -473 459
-792 547 -820 671 -767 712 -821 382 -777 424 6.428571428571429 -473 460
-792 547 -820 671 -767 712 -821 382 -777 424 7.071428571428571 -472 459
-792 547 -820 671 -767 712 -821 382 -777 424 7.7142857142857135 -473 460
-792 547 -820 671 -767 712 -821 382 -777 424 8.357142857142858 -486 459
-792 547 -820 671 -767 712 -821 382 -777 424 9.0 -489 459
