-819 667 -757 711 -819 381 -769 428 -448 495 0.6428571428571428 0.0 0.0
-819 667 -757 711 -819 381 -769 428 -448 495 1.2857142857142856 0.0 0.0
-819 667 -757 711 -819 381 -769 428 -448 495 1.9285714285714284 0.0 0.0
-819 667 -757 711 -819 381 -769 428 -448 495 2.571428571428571 0.0 0.0
-819 667 -757 711 -819 381 -769 428 -448 495 3.2142857142857144 0.0 0.0
-819 667 -757 711 -819 381 -769 428 -448 495 3.8571428571428568 0.0 0.0
-819 667 -757 711 -819 381 -769 428 -448 495 4.5 0.0 0.0
-819 667 -757 711 -819 381 -769 428 -448 495 5.142857142857142 0.0 0.0
-819 667 -757 711 -819 381 -769 428 -448 495 5.7857142857142865 0.0 0.0
-819 667 -757 711 -819 381 -769 428 -448 495 6.428571428571429 0.0 0.0
-819 667 -757 711 -819 381 -769 428 -448 495 7.071428571428571 0.0 0.0
-819 667 -757 711 -819 381 -769 428 -448 495 7.7142857142857135 0.0 0.0
-819 667 -757 711 -819 381 -769 428 -448 495 8.357142857142858 0.0 0.0
-819 667 -757 711 -819 381 -769 428 -448 495 9.0 0.0 0.0
