-530 762 -544 800 -526 822 -546 687 -526 715 0.75 -394 637
-530 762 -544 800 -526 822 -546 687 -526 715 1.5 -392 659
-530 762 -544 800 -526 822 -546 687 -526 715 2.25 -392 659
-530 762 -544 800 -526 822 -546 687 -526 715 3.0 -392 670
-530 762 -544 800 -526 822 -546 687 -526 715 3.75 -392 681
-530 762 -544 800 -526 822 -546 687 -526 715 4.5 -393 693
-530 762 -544 800 -526 822 -546 687 -526 715 5.25 -394 705
-530 762 -544 800 -526 822 -546 687 -526 715 6.0 -397 717
-530 762 -544 800 -526 822 -546 687 -526 715 6.75 -399 728
-530 762 -544 800 -526 822 -546 687 -526 715 7.5 -402 740
-530 762 -544 800 -526 822 -546 687 -526 715 8.25 -407 753
-530 762 -544 800 -526 822 -546 687 -526 715 9.0 -412 765
