-528 737 -541 791 -524 812 -544 666 -526 680 0.9 -380 637
-528 737 -541 791 -524 812 -544 666 -526 680 1.8 -381 637
-528 737 -541 791 -524 812 -544 666 -526 680 2.6999999999999997 -378 658
-528 737 -541 791 -524 812 -544 666 -526 680 3.6 -378 660
-528 737 -541 791 -524 812 -544 666 -526 680 4.5 -378 671
-528 737 -541 791 -524 812 -544 666 -526 680 5.3999999999999995 -379 695
-528 737 -541 791 -524 812 -544 666 -526 680 6.3 -380 697
-528 737 -541 791 -524 812 -544 666 -526 680 7.2 -374 691
-528 737 -541 791 -524 812 -544 666 -526 680 8.1 -374 691
-528 737 -541 791 -524 812 -544 666 -526 680 9.0 -375 697
