-388 676 -397 698 0.0 0.0 0.0 0.0 0.0 0.0 0.6923076923076923 0.0 0.0
-388 676 -397 698 0.0 0.0 0.0 0.0 0.0 0.0 1.3846153846153846 0.0 0.0
-388 676 -397 698 0.0 0.0 0.0 0.0 0.0 0.0 2.076923076923077 0.0 0.0
-388 676 -397 698 0.0 0.0 0.0 0.0 0.0 0.0 2.769230769230769 0.0 0.0
-388 676 -397 698 0.0 0.0 0.0 0.0 0.0 0.0 3.4615384615384617 0.0 0.0
-388 676 -397 698 0.0 0.0 0.0 0.0 0.0 0.0 4.153846153846154 0.0 0.0
-388 676 -397 698 0.0 0.0 0.0 0.0 0.0 0.0 4.846153846153846 0.0 0.0
-388 676 -397 698 0.0 0.0 0.0 0.0 0.0 0.0 5.538461538461538 0.0 0.0
-388 676 -397 698 0.0 0.0 0.0 0.0 0.0 0.0 6.230769230769231 0.0 0.0
-388 676 -397 698 0.0 0.0 0.0 0.0 0.0 0.0 6.923076923076923 0.0 0.0
-388 676 -397 698 0.0 0.0 0.0 0.0 0.0 0.0 7.615384615384615 0.0 0.0
-388 676 -397 698 0.0 0.0 0.0 0.0 0.0 0.0 8.307692307692308 0.0 0.0
-388 676 -397 698 0.0 0.0 0.0 0.0 0.0 0.0 9.0 0.0 0.0
