-392 617 -408 664 -382 666 -407 573 -387 573 0.6923076923076923 -200 618
-392 617 -408 664 -382 666 -407 573 -387 573 1.3846153846153846 -200 618
-392 617 -408 664 -382 666 -407 573 -387 573 2.076923076923077 -200 618
-392 617 -408 664 -382 666 -407 573 -387 573 2.769230769230769 -201 618
-392 617 -408 664 -382 666 -407 573 -387 573 3.4615384615384617 -201 618
-392 617 -408 664 -382 666 -407 573 -387 573 4.153846153846154 -201 618
-392 617 -408 664 -382 666 -407 573 -387 573 4.846153846153846 -202 618
-392 617 -408 664 -382 666 -407 573 -387 573 5.538461538461538 -202 618
-392 617 -408 664 -382 666 -407 573 -387 573 6.230769230769231 -202 618
-392 617 -408 664 -382 666 -407 573 -387 573 6.923076923076923 -202 618
-392 617 -408 664 -382 666 -407 573 -387 573 7.615384615384615 -203 618
-392 617 -408 664 -382 666 -407 573 -387 573 8.307692307692308 -203 618
-392 617 -408 664 -382 666 -407 573 -387 573 9.0 -203 619
