-390 617 -407 665 -381 668 -407 570 -381 571 0.6923076923076923 -396 672
-390 617 -407 665 -381 668 -407 570 -381 571 1.3846153846153846 -396 672
-390 617 -407 665 -381 668 -407 570 -381 571 2.076923076923077 -396 672
-390 617 -407 665 -381 668 -407 570 -381 571 2.769230769230769 -396 672
-390 617 -407 665 -381 668 -407 570 -381 571 3.4615384615384617 -396 672
-390 617 -407 665 -381 668 -407 570 -381 571 4.153846153846154 -396 672
-390 617 -407 665 -381 668 -407 570 -381 571 4.846153846153846 -396 672
-390 617 -407 665 -381 668 -407 570 -381 571 5.538461538461538 -396 672
-390 617 -407 665 -381 668 -407 570 -381 571 6.230769230769231 -396 672
-390 617 -407 665 -381 668 -407 570 -381 571 6.923076923076923 -396 672
-390 617 -407 665 -381 668 -407 570 -381 571 7.615384615384615 -396 672
-390 617 -407 665 -381 668 -407 570 -381 571 8.307692307692308 -396 672
-390 617 -407 665 -381 668 -407 570 -381 571 9.0 -397 672
