-303 687 -298 687 -296 685 0.0 0.0 0.0 0.0 0.6 0.0 0.0
-303 687 -298 687 -296 685 0.0 0.0 0.0 0.0 1.2 0.0 0.0
-303 687 -298 687 -296 685 0.0 0.0 0.0 0.0 1.8 0.0 0.0
-303 687 -298 687 -296 685 0.0 0.0 0.0 0.0 2.4 0.0 0.0
-303 687 -298 687 -296 685 0.0 0.0 0.0 0.0 3.0 0.0 0.0
-303 687 -298 687 -296 685 0.0 0.0 0.0 0.0 3.6 0.0 0.0
-303 687 -298 687 -296 685 0.0 0.0 0.0 0.0 4.2 0.0 0.0
-303 687 -298 687 -296 685 0.0 0.0 0.0 0.0 4.8 0.0 0.0
-303 687 -298 687 -296 685 0.0 0.0 0.0 0.0 5.3999999999999995 0.0 0.0
-303 687 -298 687 -296 685 0.0 0.0 0.0 0.0 6.0 0.0 0.0
-303 687 -298 687 -296 685 0.0 0.0 0.0 0.0 6.6 0.0 0.0
-303 687 -298 687 -296 685 0.0 0.0 0.0 0.0 7.2 0.0 0.0
-303 687 -298 687 -296 685 0.0 0.0 0.0 0.0 7.800000000000001 0.0 0.0
-303 687 -298 687 -296 685 0.0 0.0 0.0 0.0 8.4 0.0 0.0
-303 687 -298 687 -296 685 0.0 0.0 0.0 0.0 9.0 0.0 0.0
