-419 759 -428 805 -408 818 -428 696 -407 713 0.6 -288 695
-419 759 -428 805 -408 818 -428 696 -407 713 1.2 -279 703
-419 759 -428 805 -408 818 -428 696 -407 713 1.8 -271 711
-419 759 -428 805 -408 818 -428 696 -407 713 2.4 -266 718
-419 759 -428 805 -408 818 -428 696 -407 713 3.0 -265 725
-419 759 -428 805 -408 818 -428 696 -407 713 3.6 -265 731
-419 759 -428 805 -408 818 -428 696 -407 713 4.2 -269 737
-419 759 -428 805 -408 818 -428 696 -407 713 4.8 -274 742
-419 759 -428 805 -408 818 -428 696 -407 713 5.3999999999999995 -281 747
-419 759 -428 805 -408 818 -428 696 -407 713 6.0 -290 752
-419 759 -428 805 -408 818 -428 696 -407 713 6.6 -303 757
-419 759 -428 805 -408 818 -428 696 -407 713 7.2 -317 760
-419 759 -428 805 -408 818 -428 696 -407 713 7.800000000000001 -332 763
-419 759 -428 805 -408 818 -428 696 -407 713 8.4 -350 765
-419 759 -428 805 -408 818 -428 696 -407 713 9.0 -369 769
