-414 761 -420 806 -406 819 -424 696 -406 712 0.0 -284 694 
-414 763 -420 806 -406 819 -424 696 -406 713 0.0 -275 702 
-414 762 -420 806 -406 820 -425 697 -407 713 0.0 -267 710 
-414 762 -420 806 -406 820 -424 696 -406 713 0.0 -262 718 
-414 763 -420 806 -406 820 -424 696 -406 713 0.0 -260 724 
-414 763 -420 806 -406 820 -424 696 -406 713 0.0 -261 731 
-414 763 -420 806 -406 820 -424 696 -406 713 0.0 -264 737 
-414 763 -420 806 -406 819 -424 696 -406 713 0.0 -270 741 
-414 763 -420 806 -406 819 -431 698 -406 712 0.0 -277 747 
-414 762 -420 807 -406 819 -430 708 -405 713 0.0 -286 751 
-414 762 -420 807 -406 820 -433 712 -406 713 0.0 -299 756 
-414 762 -420 807 -407 819 -442 716 -406 713 0.0 -313 759 
-414 762 -420 807 -407 819 -454 716 -406 713 0.0 -328 762 
-414 762 -420 807 -407 819 -471 712 -406 713 0.0 -345 766 
-414 762 -420 807 -407 819 -493 704 -406 713 0.0 -358 776 
