-414 758 -424 804 -407 821 -425 697 -406 712 0.6 -284 694
-414 758 -424 804 -407 821 -425 697 -406 712 1.2 -275 701
-414 758 -424 804 -407 821 -425 697 -406 712 1.8 -266 709
-414 758 -424 804 -407 821 -425 697 -406 712 2.4 -261 716
-414 758 -424 804 -407 821 -425 697 -406 712 3.0 -260 724
-414 758 -424 804 -407 821 -425 697 -406 712 3.6 -261 730
-414 758 -424 804 -407 821 -425 697 -406 712 4.2 -263 736
-414 758 -424 804 -407 821 -425 697 -406 712 4.8 -268 741
-414 758 -424 804 -407 821 -425 697 -406 712 5.3999999999999995 -277 745
-414 758 -424 804 -407 821 -425 697 -406 712 6.0 -285 751
-414 758 -424 804 -407 821 -425 697 -406 712 6.6 -298 755
-414 758 -424 804 -407 821 -425 697 -406 712 7.2 -312 759
-414 758 -424 804 -407 821 -425 697 -406 712 7.800000000000001 -327 762
-414 758 -424 804 -407 821 -425 697 -406 712 8.4 -346 764
-414 758 -424 804 -407 821 -425 697 -406 712 9.0 -365 768
