-417 758 -427 808 -406 819 -426 696 -404 710 0.6 -302 687
-417 758 -427 808 -406 819 -426 696 -404 710 1.2 -302 687
-417 758 -427 808 -406 819 -426 696 -404 710 1.8 -302 687
-417 758 -427 808 -406 819 -426 696 -404 710 2.4 -302 687
-417 758 -427 808 -406 819 -426 696 -404 710 3.0 -302 687
-417 758 -427 808 -406 819 -426 696 -404 710 3.6 -302 688
-417 758 -427 808 -406 819 -426 696 -404 710 4.2 -302 688
-417 758 -427 808 -406 819 -426 696 -404 710 4.8 -302 688
-417 758 -427 808 -406 819 -426 696 -404 710 5.3999999999999995 -302 688
-417 758 -427 808 -406 819 -426 696 -404 710 6.0 -301 688
-417 758 -427 808 -406 819 -426 696 -404 710 6.6 -301 688
-417 758 -427 808 -406 819 -426 696 -404 710 7.2 0.0 0.0
-417 758 -427 808 -406 819 -426 696 -404 710 7.800000000000001 0.0 0.0
-417 758 -427 808 -406 819 -426 696 -404 710 8.4 0.0 0.0
-417 758 -427 808 -406 819 -426 696 -404 710 9.0 0.0 0.0
