-390 738 -401 781 -379 797 -404 679 -380 694 0.6428571428571428 -262 719
-390 738 -401 781 -379 797 -404 679 -380 694 1.2857142857142856 -260 720
-390 738 -401 781 -379 797 -404 679 -380 694 1.9285714285714284 -260 718
-390 738 -401 781 -379 797 -404 679 -380 694 2.571428571428571 -265 717
-390 738 -401 781 -379 797 -404 679 -380 694 3.2142857142857144 -269 714
-390 738 -401 781 -379 797 -404 679 -380 694 3.8571428571428568 -275 711
-390 738 -401 781 -379 797 -404 679 -380 694 4.5 -284 705
-390 738 -401 781 -379 797 -404 679 -380 694 5.142857142857142 -294 701
-390 738 -401 781 -379 797 -404 679 -380 694 5.7857142857142865 -303 696
-390 738 -401 781 -379 797 -404 679 -380 694 6.428571428571429 -316 690
-390 738 -401 781 -379 797 -404 679 -380 694 7.071428571428571 -330 683
-390 738 -401 781 -379 797 -404 679 -380 694 7.7142857142857135 -343 676
-390 738 -401 781 -379 797 -404 679 -380 694 8.357142857142858 -362 667
-390 738 -401 781 -379 797 -404 679 -380 694 9.0 -377 661
