-389 736 -402 780 -378 797 -399 674 -378 693 0.6428571428571428 -263 720
-389 736 -402 780 -378 797 -399 674 -378 693 1.2857142857142856 -261 720
-389 736 -402 780 -378 797 -399 674 -378 693 1.9285714285714284 -262 719
-389 736 -402 780 -378 797 -399 674 -378 693 2.571428571428571 -265 717
-389 736 -402 780 -378 797 -399 674 -378 693 3.2142857142857144 -270 715
-389 736 -402 780 -378 797 -399 674 -378 693 3.8571428571428568 -276 711
-389 736 -402 780 -378 797 -399 674 -378 693 4.5 -285 705
-389 736 -402 780 -378 797 -399 674 -378 693 5.142857142857142 -295 701
-389 736 -402 780 -378 797 -399 674 -378 693 5.7857142857142865 -305 695
-389 736 -402 780 -378 797 -399 674 -378 693 6.428571428571429 -318 690
-389 736 -402 780 -378 797 -399 674 -378 693 7.071428571428571 -330 683
-389 736 -402 780 -378 797 -399 674 -378 693 7.7142857142857135 -344 677
-389 736 -402 780 -378 797 -399 674 -378 693 8.357142857142858 -362 668
-389 736 -402 780 -378 797 -399 674 -378 693 9.0 -378 661
