-389 738 -399 780 -379 800 -398 677 -380 695 0.6428571428571428 -261 716
-389 738 -399 780 -379 800 -398 677 -380 695 1.2857142857142856 -259 717
-389 738 -399 780 -379 800 -398 677 -380 695 1.9285714285714284 -260 716
-389 738 -399 780 -379 800 -398 677 -380 695 2.571428571428571 -263 714
-389 738 -399 780 -379 800 -398 677 -380 695 3.2142857142857144 -268 711
-389 738 -399 780 -379 800 -398 677 -380 695 3.8571428571428568 -275 708
-389 738 -399 780 -379 800 -398 677 -380 695 4.5 -282 703
-389 738 -399 780 -379 800 -398 677 -380 695 5.142857142857142 -292 698
-389 738 -399 780 -379 800 -398 677 -380 695 5.7857142857142865 -303 693
-389 738 -399 780 -379 800 -398 677 -380 695 6.428571428571429 -315 687
-389 738 -399 780 -379 800 -398 677 -380 695 7.071428571428571 -328 680
-389 738 -399 780 -379 800 -398 677 -380 695 7.7142857142857135 -341 674
-389 738 -399 780 -379 800 -398 677 -380 695 8.357142857142858 -360 666
-389 738 -399 780 -379 800 -398 677 -380 695 9.0 -375 658
