-389 736 -402 780 -382 798 -400 679 -379 696 0.6428571428571428 -263 719
-389 736 -402 780 -382 798 -400 679 -379 696 1.2857142857142856 -261 719
-389 736 -402 780 -382 798 -400 679 -379 696 1.9285714285714284 -262 718
-389 736 -402 780 -382 798 -400 679 -379 696 2.571428571428571 -266 716
-389 736 -402 780 -382 798 -400 679 -379 696 3.2142857142857144 -270 713
-389 736 -402 780 -382 798 -400 679 -379 696 3.8571428571428568 -276 709
-389 736 -402 780 -382 798 -400 679 -379 696 4.5 -284 705
-389 736 -402 780 -382 798 -400 679 -379 696 5.142857142857142 -294 699
-389 736 -402 780 -382 798 -400 679 -379 696 5.7857142857142865 -304 694
-389 736 -402 780 -382 798 -400 679 -379 696 6.428571428571429 -317 689
-389 736 -402 780 -382 798 -400 679 -379 696 7.071428571428571 -329 682
-389 736 -402 780 -382 798 -400 679 -379 696 7.7142857142857135 -343 676
-389 736 -402 780 -382 798 -400 679 -379 696 8.357142857142858 -363 666
-389 736 -402 780 -382 798 -400 679 -379 696 9.0 -378 660
