-389 736 -400 781 -378 797 -400 677 -382 694 0.6428571428571428 -260 717
-389 736 -400 781 -378 797 -400 677 -382 694 1.2857142857142856 -258 718
-389 736 -400 781 -378 797 -400 677 -382 694 1.9285714285714284 -259 717
-389 736 -400 781 -378 797 -400 677 -382 694 2.571428571428571 -262 715
-389 736 -400 781 -378 797 -400 677 -382 694 3.2142857142857144 -268 712
-389 736 -400 781 -378 797 -400 677 -382 694 3.8571428571428568 -273 709
-389 736 -400 781 -378 797 -400 677 -382 694 4.5 -280 703
-389 736 -400 781 -378 797 -400 677 -382 694 5.142857142857142 -291 698
-389 736 -400 781 -378 797 -400 677 -382 694 5.7857142857142865 -301 693
-389 736 -400 781 -378 797 -400 677 -382 694 6.428571428571429 -314 687
-389 736 -400 781 -378 797 -400 677 -382 694 7.071428571428571 -327 680
-389 736 -400 781 -378 797 -400 677 -382 694 7.7142857142857135 -341 674
-389 736 -400 781 -378 797 -400 677 -382 694 8.357142857142858 -359 665
-389 736 -400 781 -378 797 -400 677 -382 694 9.0 -374 658
