-534 740 -525 792 -530 812 -548 668 -527 686 0.75 -412 604
-534 740 -525 792 -530 812 -548 668 -527 686 1.5 -413 605
-534 740 -525 792 -530 812 -548 668 -527 686 2.25 -413 604
-534 740 -525 792 -530 812 -548 668 -527 686 3.0 -412 603
-534 740 -525 792 -530 812 -548 668 -527 686 3.75 -414 602
-534 740 -525 792 -530 812 -548 668 -527 686 4.5 -414 602
-534 740 -525 792 -530 812 -548 668 -527 686 5.25 -414 598
-534 740 -525 792 -530 812 -548 668 -527 686 6.0 -413 591
-534 740 -525 792 -530 812 -548 668 -527 686 6.75 -413 590
-534 740 -525 792 -530 812 -548 668 -527 686 7.5 -418 590
-534 740 -525 792 -530 812 -548 668 -527 686 8.25 -419 590
-534 740 -525 792 -530 812 -548 668 -527 686 9.0 -427 592
