-447 673 -461 726 -431 752 -463 592 -431 612 0.8181818181818182 -328 567
-447 673 -461 726 -431 752 -463 592 -431 612 1.6363636363636365 -322 574
-447 673 -461 726 -431 752 -463 592 -431 612 2.454545454545454 -317 583
-447 673 -461 726 -431 752 -463 592 -431 612 3.272727272727273 -314 592
-447 673 -461 726 -431 752 -463 592 -431 612 4.090909090909091 -312 603
-447 673 -461 726 -431 752 -463 592 -431 612 4.909090909090908 -312 615
-447 673 -461 726 -431 752 -463 592 -431 612 5.7272727272727275 -313 628
-447 673 -461 726 -431 752 -463 592 -431 612 6.545454545454546 -318 642
-447 673 -461 726 -431 752 -463 592 -431 612 7.363636363636364 -323 656
-447 673 -461 726 -431 752 -463 592 -431 612 8.181818181818182 -328 670
-447 673 -461 726 -431 752 -463 592 -431 612 9.0 -334 685
