-328 567 0.0 0.0 0.0 0.0 0.0 0.0 0.0 0.0 0.8181818181818182 0.0 0.0
-328 567 0.0 0.0 0.0 0.0 0.0 0.0 0.0 0.0 1.6363636363636365 0.0 0.0
-328 567 0.0 0.0 0.0 0.0 0.0 0.0 0.0 0.0 2.454545454545454 0.0 0.0
-328 567 0.0 0.0 0.0 0.0 0.0 0.0 0.0 0.0 3.272727272727273 0.0 0.0
-328 567 0.0 0.0 0.0 0.0 0.0 0.0 0.0 0.0 4.090909090909091 0.0 0.0
-328 567 0.0 0.0 0.0 0.0 0.0 0.0 0.0 0.0 4.909090909090908 0.0 0.0
-328 567 0.0 0.0 0.0 0.0 0.0 0.0 0.0 0.0 5.7272727272727275 0.0 0.0
-328 567 0.0 0.0 0.0 0.0 0.0 0.0 0.0 0.0 6.545454545454546 0.0 0.0
-328 567 0.0 0.0 0.0 0.0 0.0 0.0 0.0 0.0 7.363636363636364 0.0 0.0
-328 567 0.0 0.0 0.0 0.0 0.0 0.0 0.0 0.0 8.181818181818182 0.0 0.0
-328 567 0.0 0.0 0.0 0.0 0.0 0.0 0.0 0.0 9.0 0.0 0.0
