-395 737 -404 783 -387 796 -405 679 -386 696 0.6923076923076923 -304 650
-395 737 -404 783 -387 796 -405 679 -386 696 1.3846153846153846 -303 659
-395 737 -404 783 -387 796 -405 679 -386 696 2.076923076923077 -303 668
-395 737 -404 783 -387 796 -405 679 -386 696 2.769230769230769 -305 678
-395 737 -404 783 -387 796 -405 679 -386 696 3.4615384615384617 -309 688
-395 737 -404 783 -387 796 -405 679 -386 696 4.153846153846154 -314 698
-395 737 -404 783 -387 796 -405 679 -386 696 4.846153846153846 -321 710
-395 737 -404 783 -387 796 -405 679 -386 696 5.538461538461538 -330 721
-395 737 -404 783 -387 796 -405 679 -386 696 6.230769230769231 -337 733
-395 737 -404 783 -387 796 -405 679 -386 696 6.923076923076923 -349 745
-395 737 -404 783 -387 796 -405 679 -386 696 7.615384615384615 -362 759
-395 737 -404 783 -387 796 -405 679 -386 696 8.307692307692308 -374 770
-395 737 -404 783 -387 796 -405 679 -386 696 9.0 -364 767
