-422 759 -431 807 -413 818 -433 697 -413 712 0.6923076923076923 -317 693
-422 759 -431 807 -413 818 -433 697 -413 712 1.3846153846153846 -311 699
-422 759 -431 807 -413 818 -433 697 -413 712 2.076923076923077 -306 705
-422 759 -431 807 -413 818 -433 697 -413 712 2.769230769230769 -303 710
-422 759 -431 807 -413 818 -433 697 -413 712 3.4615384615384617 -302 715
-422 759 -431 807 -413 818 -433 697 -413 712 4.153846153846154 -302 719
-422 759 -431 807 -413 818 -433 697 -413 712 4.846153846153846 -305 722
-422 759 -431 807 -413 818 -433 697 -413 712 5.538461538461538 -307 726
-422 759 -431 807 -413 818 -433 697 -413 712 6.230769230769231 -313 728
-422 759 -431 807 -413 818 -433 697 -413 712 6.923076923076923 -319 731
-422 759 -431 807 -413 818 -433 697 -413 712 7.615384615384615 -327 734
-422 759 -431 807 -413 818 -433 697 -413 712 8.307692307692308 -337 736
-422 759 -431 807 -413 818 -433 697 -413 712 9.0 -347 737
