-753 1202 -771 1255 -745 1277 -769 1096 -746 1120 0 -561 1032
-753 1202 -771 1255 -745 1277 -769 1096 -746 1120 0.692 -540 1047 
-753 1202 -771 1255 -745 1277 -769 1096 -746 1120 1.385 -1069 515
-753 1202 -771 1255 -745 1277 -769 1096 -746 1120 2.077 -490 1098
-753 1202 -771 1255 -745 1277 -769 1096 -746 1120 2.77 -474 1117
-753 1202 -771 1255 -745 1277 -769 1096 -746 1120 3.461 -474 1130
-753 1202 -771 1255 -745 1277 -769 1096 -746 1120 4.154 -473 1144
-753 1202 -771 1255 -745 1277 -769 1096 -746 1120 4.846 -476 1155
-753 1202 -771 1255 -745 1277 -769 1096 -746 1120 5.538 -480 1166
-753 1202 -771 1255 -745 1277 -769 1096 -746 1120 6.231 -489 1178
-753 1202 -771 1255 -745 1277 -769 1096 -746 1120 6.923 -499 1185
-753 1202 -771 1255 -745 1277 -769 1096 -746 1120 7.615 -515 1194
-753 1202 -771 1255 -745 1277 -769 1096 -746 1120 8.308 -556 1211
-753 1202 -771 1255 -745 1277 -769 1096 -746 1120 9 -595 1219
