-266 376 -269 401 -261 408 -269 332 -259 344 0.6428571428571428 -165 325
-266 376 -269 401 -261 408 -269 332 -259 344 1.2857142857142856 -165 325
-266 376 -269 401 -261 408 -269 332 -259 344 1.9285714285714284 -166 326
-266 376 -269 401 -261 408 -269 332 -259 344 2.571428571428571 -166 327
-266 376 -269 401 -261 408 -269 332 -259 344 3.2142857142857144 -167 328
-266 376 -269 401 -261 408 -269 332 -259 344 3.8571428571428568 0.0 0.0
-266 376 -269 401 -261 408 -269 332 -259 344 4.5 0.0 0.0
-266 376 -269 401 -261 408 -269 332 -259 344 5.142857142857142 0.0 0.0
-266 376 -269 401 -261 408 -269 332 -259 344 5.7857142857142865 0.0 0.0
-266 376 -269 401 -261 408 -269 332 -259 344 6.428571428571429 0.0 0.0
-266 376 -269 401 -261 408 -269 332 -259 344 7.071428571428571 0.0 0.0
-266 376 -269 401 -261 408 -269 332 -259 344 7.7142857142857135 0.0 0.0
-266 376 -269 401 -261 408 -269 332 -259 344 8.357142857142858 0.0 0.0
-266 376 -269 401 -261 408 -269 332 -259 344 9.0 0.0 0.0
