-264 377 -268 400 -259 411 -268 333 -260 348 0.6428571428571428 -165 326
-264 377 -268 400 -259 411 -268 333 -260 348 1.2857142857142856 -165 326
-264 377 -268 400 -259 411 -268 333 -260 348 1.9285714285714284 -165 327
-264 377 -268 400 -259 411 -268 333 -260 348 2.571428571428571 -166 328
-264 377 -268 400 -259 411 -268 333 -260 348 3.2142857142857144 -166 329
-264 377 -268 400 -259 411 -268 333 -260 348 3.8571428571428568 -167 330
-264 377 -268 400 -259 411 -268 333 -260 348 4.5 -166 331
-264 377 -268 400 -259 411 -268 333 -260 348 5.142857142857142 -168 333
-264 377 -268 400 -259 411 -268 333 -260 348 5.7857142857142865 -167 333
-264 377 -268 400 -259 411 -268 333 -260 348 6.428571428571429 -167 334
-264 377 -268 400 -259 411 -268 333 -260 348 7.071428571428571 -166 332
-264 377 -268 400 -259 411 -268 333 -260 348 7.7142857142857135 -165 340
-264 377 -268 400 -259 411 -268 333 -260 348 8.357142857142858 -163 337
-264 377 -268 400 -259 411 -268 333 -260 348 9.0 -163 337
